Otsikko: Tässä on random-dataa
93
15
94
13
41
30
79
1
55
68
83
24
11
88
32
65
79
30
83
72
89
55
90
68
90
5
16
28
58
79
52
80
12
8
62
3
88
41
24
59
32
90
36
30
61
28
52
77
18
87
29
75
73
25
7
77
28
31
2
45
72
65
25
94
9
94
57
33
43
20
49
38
85
70
21
94
68
10
67
82
74
12
97
36
54
43
6
0
59
19
49
23
18
39
40
64
22
88
76
72
93
68
91
3
13
20
56
36
31
3
76
53
64
23
15
51
66
11
59
54
84
44
41
83
67
36
92
42
69
56
45
94
58
36
39
10
3
45
93
57
8
2
87
92
97
33
68
50
21
39
97
16
81
28
53
71
49
27
15
1
25
29
77
48
61
61
2
4
82
90
72
81
74
32
87
64
55
19
77
7
83
48
2
42
1
20
66
72
47
33
37
65
78
18
36
83
66
72
88
38
32
87
40
49
89
65
5
6
94
18
95
65
94
23
36
38
94
94
59
3
10
86
90
96
28
26
61
96
77
62
61
83
75
3
26
73
58
3
38
61
78
28
56
13
63
47
19
3
19
86
64
48
23
84
65
79
22
32
64
96
36
29
29
23
30
38
90
2
78
16
23
80
14
51
40
76
0
42
79
72
91
91
15
48
44
87
72
81
91
56
71
20
33
89
63
90
47
81
67
79
92
62
19
45
2
7
24
61
86
3
72
51
76
90
48
85
88
68
9
8
51
50
67
6
51
11
3
75
5
83
84
37
36
84
89
15
51
69
6
15
57
24
28
31
99
88
48
85
90
16
96
89
23
41
77
8
92
35
44
39
57
47
86
98
81
32
77
65
8
18
68
20
93
3
64
16
20
71
1
99
82
68
83
85
25
22
51
9
50
44
85
20
84
9
4
46
30
28
46
22
15
32
26
29
25
69
20
35
17
26
85
26
4
47
5
74
5
62
85
19
29
83
33
23
79
94
72
12
88
9
64
89
67
94
97
67
36
41
58
65
67
15
60
72
82
0
54
47
75
73
82
74
91
40
16
13
51
44
74
67
30
2
65
72
59
19
19
89
52
19
88
5
0
70
47
23
40
73
21
57
84
58
2
0
85
61
58
28
81
31
38
60
39
29
93
51
13
49
62
65
18
60
94
64
48
78
34
28
99
90
34
1
85
93
68
60
20
76
36
25
95
59
52
62
25
66
1
5
7
31
50
39
86
3
2
10
65
99
57
85
16
12
64
96
17
21
83
10
84
95
80
78
54
83
71
63
96
6
43
50
50
11
47
67
52
50
65
83
61
44
88
37
6
86
46
87
36
8
51
93
78
64
12
6
72
25
48
93
11
24
22
19
43
83
56
48
52
61
60
64
23
39
43
82
21
96
47
32
75
61
10
91
35
20
45
54
53
6
15
74
67
57
84
2
93
14
39
34
14
28
94
39
39
51
0
5
46
66
96
99
18
87
57
90
21
53
46
80
28
75
77
87
78
57
59
58
44
62
64
35
98
22
92
98
74
17
86
2
95
90
94
84
56
84
16
12
36
65
89
48
32
44
0
2
81
41
33
76
44
2
69
17
32
63
89
92
58
92
66
26
96
94
14
38
64
67
3
78
35
70
3
30
32
75
14
0
96
40
42
71
61
74
31
72
58
33
93
35
93
20
44
63
25
33
80
42
93
22
81
13
7
6
62
43
87
34
88
84
90
29
45
77
88
29
61
28
27
50
55
37
3
93
73
29
0
83
18
42
53
23
33
86
15
96
29
35
6
73
51
95
5
78
5
91
34
32
58
4
57
91
91
40
71
64
71
82
39
20
73
0
83
29
5
84
13
7
92
37
60
97
20
77
82
79
19
51
5
56
85
84
32
98
98
73
12
33
95
94
24
6
78
47
3
91
1
78
42
10
81
68
79
77
81
39
41
31
78
7
7
3
10
82
6
67
48
65
15
43
15
23
60
89
50
21
0
99
50
74
73
18
21
70
20
79
60
53
27
96
20
23
27
41
16
5
72
25
67
10
30
69
79
56
54
36
33
60
78
30
38
92
49
55
78
3
13
1
16
57
75
12
45
65
28
49
25
47
25
40
58
88
17
13
18
37
16
56
66
99
54
9
93
20
17
79
89
64
67
54
63
89
26
14
44
23
16
92
96
44
26
15
41
6
93
30
95
61
57
78
3
97
18
51
27
56
81
0
33
71
35
27
28
73
1
6
16
21
34
0
81
49
31
33
82
47
19
14
37
25
72
25
48
76
17
54
77
6
39
38
65
89
